[ppbloom]
PPBloomEnable=false
MaxBrightness=0.100000
GlowWeight=0.300000
Dither1X=0.002500
Dither1Y=0.002600
Dither2X=0.002000
Dither2Y=0.002000

