[ppfilter]
GammaEnable=false
GradualEnable=false
GradualStart=-0.500000
GradualEnd=0.800000
GradualExp=3.000000
GradualColor=255,154,169,178
HSIEnable=false
AdjustBaseColor=255,255,255,255
AdjustBrightness=60.000000
AdjustContrast=7.000000
AdjustSaturation=55.000000
AngleEnable=false
AngleStart=0.410000
AngleEnd=0.630000
AngleExp=0.950000
AngleColor=255,22,82,124

