[MainInfo]
FrameTime=0.033333
RulerStart=-30.000000
RulerEnd=550.000000
CameraX=-16.885590
CameraY=38.667717
CameraZ=1.141604
CameraRX=0.392696
CameraRY=-3.275227
CameraRZ=0.000000
CaptureAngleX=0.000000
CaptureAngleY=0.000000
CaptureAngleZ=0.000000
CapturePosX=0.000000
CapturePosY=0.000000
CapturePosZ=0.000000

[ceshi_shikuai_1]
WorldType=objects
ObjectType=Model
Name=06C56486631849FAB129A378D5F0E5F0
VisualType=Model
PositionX=-16.627476
PositionY=28.223238
PositionZ=-18.821251
AngleX=-0.000001
AngleY=-1.179971
AngleZ=0.229779
ScaleX=0.579988
ScaleY=0.580001
ScaleZ=0.579987
VisualConfig=effect\skill\npc\ceshi_shikuai
Path=ceshi_shikuai_1.xml

[item_0006_dust_1]
WorldType=objects
ObjectType=Model
Name=708FA42A7E7C45E69477615B6F7EC341
VisualType=Model
PositionX=-16.252998
PositionY=27.150000
PositionZ=-17.892698
AngleX=-0.000000
AngleY=0.000000
AngleZ=0.000000
ScaleX=1.000000
ScaleY=2.070000
ScaleZ=0.999999
VisualConfig=effect\skill\npc\item_0006_dust
Path=item_0006_dust_1.xml

[monster_2]
WorldType=objects
ObjectType=Actor
Name=696D3C68042C4E1F91A1BF6271D41E78
VisualType=Actor
PositionX=-17.302448
PositionY=28.221716
PositionZ=-24.872173
AngleX=-0.000000
AngleY=0.594995
AngleZ=0.000000
ScaleX=0.700049
ScaleY=0.700000
ScaleZ=0.700049
VisualConfig=ini\npc\monster\mon_shu_0016.ini
Path=monster_2.xml

[monster_3]
WorldType=objects
ObjectType=Actor
Name=A5C2956CB22E4F76AD9DF52141CA1F0D
VisualType=Actor
PositionX=-17.109768
PositionY=28.224590
PositionZ=-25.195539
AngleX=-0.000000
AngleY=0.241047
AngleZ=0.000000
ScaleX=0.599981
ScaleY=0.600000
ScaleZ=0.599981
VisualConfig=ini\npc\monster\mon_shu_0016.ini
Path=monster_3.xml

[monster_4]
WorldType=objects
ObjectType=Actor
Name=DD7B68973C5F420EA0BFEEFDF6A2230D
VisualType=Actor
PositionX=-17.231707
PositionY=28.223162
PositionZ=-25.024542
AngleX=-0.000000
AngleY=0.241047
AngleZ=0.000000
ScaleX=0.700007
ScaleY=0.700000
ScaleZ=0.700007
VisualConfig=ini\npc\monster\mon_shu_0016.ini
Path=monster_4.xml

[monster_5]
WorldType=objects
ObjectType=Actor
Name=2C5BD29D83584A9CA92688F3855160C2
VisualType=Actor
PositionX=-18.774014
PositionY=28.274233
PositionZ=-25.289219
AngleX=-0.000000
AngleY=0.001987
AngleZ=0.000000
ScaleX=1.099982
ScaleY=1.100000
ScaleZ=1.099982
VisualConfig=ini\npc\monster\mon_shu_0016.ini
Path=monster_5.xml

[camera_1]
WorldType=objects
ObjectType=camera
Name=EA5909DA5ED74D2B8DBA037BFBC126A4
VisualType=CameraWrapper
PositionX=-16.885590
PositionY=38.667717
PositionZ=1.141604
AngleX=0.392696
AngleY=-3.275227
AngleZ=0.000000
ScaleX=1.000000
ScaleY=1.000000
ScaleZ=1.000000
VisualConfig=mdl\camera\camera01\camera.xmod
CameraType=free
Fovx=1.142675
Path=camera_1.xml

[item_1]
WorldType=objects
ObjectType=Actor
Name=8AB7BD325B51438198071071D1DDD07D
VisualType=Actor
PositionX=-13.917999
PositionY=25.961000
PositionZ=-29.835999
AngleX=-0.184000
AngleY=0.000000
AngleZ=0.000000
ScaleX=0.460000
ScaleY=0.460000
ScaleZ=0.460000
VisualConfig=ini\npc\shady\shady_0001.ini
Path=item_1.xml

[object_hsi]
WorldType=objects
ObjectType=ppfilter_hsi
Name=
VisualType=
Path=object_hsi.xml

[global]
WorldType=custom
ObjectType=
Name=
VisualType=
Path=global.xml

[monster_6]
WorldType=objects
ObjectType=Actor
Name=4077D87FBCD74595A9EDAD0A85D3D59F
VisualType=Actor
PositionX=-17.496815
PositionY=28.226187
PositionZ=-21.382162
AngleX=-0.000000
AngleY=0.464969
AngleZ=0.000000
ScaleX=1.300000
ScaleY=1.300000
ScaleZ=1.300000
VisualConfig=ini\npc\monster\boss_shu_0002.ini
Path=monster_6.xml

