[screen]
TextureLod=0.000000
AlphaRef=90
FarClip=50.000000
GrassRadius=50.000000
GroundEnvMap=2
VisualEnvMap=2
AlphaFadeRadius=10.000000
AlphaHideRadius=10.000000
VisualRadiusSmall=50.000000
VisualRadiusBig=50.000000
ClipRadiusNear=50.000000
ClipRadiusFar=50.000000
LoadRadiusAdd=100.000000
UnloadRadiusAdd=98.000000

