[scene]
rigidbody=map/scene/float_island03_fyn_gt.xmod
posx=41.005005
posy=10
posz=39.158005
anglex=0.000000
angley=-1.571
anglez=0.000000
friction=1.0f
rollingfriction=0.25
restitution=0.25
gravity=-9.8f
groundhigh=57.302f