[standard_1]
BumpScale=1.000000
Glossiness=10.000000
Opacity=1.000000
ReflectFactor=1.000000
SubSurfaceScale=1.000000
AlphaRef=0.000000
GlowAlpha=1.000000
Emissive=1.000,1.000,1.000
GlowSize=0.000000
Specular=1.000,1.000,1.000
Diffuse=0.000,0.000,0.000
Ambient=0.000,0.000,0.000
SubSurfaceFactor=1.000000
PointFilter=
OpacityEnable=true

