[screen]
TextureLod=0.000000
AlphaRef=32
FarClip=50.000000
GrassRadius=5.000000
GroundEnvMap=0
VisualEnvMap=0
AlphaFadeRadius=10.000000
AlphaHideRadius=10.000000
VisualRadiusSmall=1.000000
VisualRadiusBig=30.000000
ClipRadiusNear=50.000000
ClipRadiusFar=50.000000
LoadRadiusAdd=50.000000
UnloadRadiusAdd=50.000000

