[material #2614]
BumpScale=1.000000
RimPower=0.000000
Glossiness=10.000000
Opacity=1.000000
ReflectFactor=1.000000
SubSurfaceScale=1.000000
BlendEnhance=true
AlphaRef=0.000000
GlowAlpha=1.000000
Emissive=1.000,1.000,1.000
DiffuseMap=line_0007.dds
RimIntensity=0.000000
GlowSize=0.000000
DoubleSide=true
Specular=1.000,1.000,1.000
Diffuse=0.000,0.000,0.000
NoZWrite=true
Ambient=0.055,0.351,0.846
SubSurfaceFactor=1.000000
PointFilter=

