[standard_13s]
BumpScale=1.000000
RimPower=0.000000
Glossiness=10.000000
Opacity=1.000000
NoLight=true
ReflectFactor=1.000000
SubSurfaceScale=1.000000
AlphaRef=0.000000
GlowAlpha=1.000000
Blend=true
Emissive=1.000,1.000,1.000
DiffuseMap=wing_004.pvr
RimIntensity=0.000000
GlowSize=0.000000
DoubleSide=true
Specular=1.000,1.000,1.000
Diffuse=0.141,0.141,0.141
NoZWrite=true
Ambient=1.162,1.300,0.015
SubSurfaceFactor=1.000000
PointFilter=

