[scene]
rigidbody=map/scene/sjm_008_cn_gt.xmod
posx=4.552218
posy=21.518729
posz=16.505768
anglex=0.000
angley=2.356
anglez=0.000
friction=1.0f
rollingfriction=0.25
restitution=0.25
gravity=-9.8f
groundhigh=33f

