[ppbloom]
PPBloomEnable=false
MaxBrightness=0.000000
GlowWeight=1.000000
Dither1X=0.002500
Dither1Y=0.002600
Dither2X=0.002000
Dither2Y=0.002000

