[material #2]
BumpScale=1.000000
RimPower=0.000000
Glossiness=10.000000
Opacity=1.000000
ReflectFactor=1.000000
SubSurfaceScale=1.000000
AlphaRef=0.000000
GlowAlpha=1.000000
Blend=false
Emissive=1.000,1.000,1.000
DiffuseMap=wing_019_d.pvr
RimIntensity=0.000000
GlowSize=0.000000
DoubleSide=true
Specular=1.000,1.000,1.000
BlendQuality=true
NoZWrite=false
SubSurfaceFactor=1.000000
PointFilter=

