[1]
PositionX=-2.073005
PositionY=45.134163
PositionZ=25.627745
AngleX=0.680678
AngleY=3.909538
AngleZ=0.000000

[2]
PositionX=27.726751
PositionY=41.898891
PositionZ=25.535795
AngleX=0.680678
AngleY=3.909538
AngleZ=0.000000

