[ppvolumelighting]
ppvolumelightingEnable=false
SunColor=255, 255,247,234
SunRadius=0.375000
SunLevel=1.200000
SunShineRadius=0.200000
SunShineUp=0.580000
SampleBias=0.820000
SampleDistance=0.050000

