[screen]
TextureLod=0.000000
AlphaRef=100
FarClip=21.000000
GrassRadius=5.000000
GroundEnvMap=2
VisualEnvMap=2
AlphaFadeRadius=10.000000
AlphaHideRadius=10.000000
VisualRadiusSmall=0.100000
VisualRadiusBig=21.000000
ClipRadiusNear=21.000000
ClipRadiusFar=21.000000
LoadRadiusAdd=21.000000
UnloadRadiusAdd=21.000000

