[system]
ShowDesignLine=1
DesignRadius=200.000000
CollideRadius=50.000000
AutoSave=false
AutoSaveMinutes=30
RoleConfig=obj\char\fit_equip_002.ini
ShowLightRange=false
RoleAdjustAngle=true
EnableWarFog=true
WarFogRadius=5.000000

[camera]
PositionX=-107.373726,-89.036980,-70.641670,-52.280571,-107.373726,-89.036980,-70.641670,-52.280571,-15.653082,2.626027,-87.786308,-71.789482,-55.785904,-39.890694,-23.821976,-7.842362,8.541148,23.797947,39.911388
PositionY=35.380848
PositionZ=91.700005
AngleX=1.570796
AngleY=0.000000
AngleZ=0.000000
FovAngle=39.000000
Speed=20.000000
DragSpeed=0.500000
LockPitch=true
LockPitchAngle=39.000000
LockYaw=true
LockYawAngle=224.000000

[special_map]
MapNum=0

[blend_color]
ColorNum=0

