[ppdof]
PPdofEnable=false
Linear=false
StartDepth=30.000000
EndDepth=80.000000
FocusDepth=2.000000
BlurValue=5.000000
MaxofBlur=10.000000

