[MainInfo]
FrameTime=0.040000
RulerStart=0.000000
RulerEnd=291.000000
CameraX=8.044107
CameraY=28.843027
CameraZ=114.346786
CameraRX=0.539722
CameraRY=3.159080
CameraRZ=-0.258859
CaptureAngleX=0.000000
CaptureAngleY=0.000000
CaptureAngleZ=0.000000
CapturePosX=0.000000
CapturePosY=0.000000
CapturePosZ=0.000000
ShowPlayer=1
BackMusicVolume=0.4
BackMusicFadeTime=2

[camera_1]
WorldType=objects
ObjectType=camera
Name=838FB88FFE0B4B89A7D8069469DD2B08
VisualType=CameraWrapper
PositionX=2.350967
PositionY=22.043106
PositionZ=42.549469
AngleX=0.528205
AngleY=3.116879
AngleZ=0.025009
ScaleX=1.000000
ScaleY=1.000000
ScaleZ=1.000000
VisualConfig=mdl\camera\camera01\camera.xmod
CameraType=free
Fovx=1.396263
Path=camera_1.xml

[object_hsi]
WorldType=objects
ObjectType=ppfilter_hsi
Name=
VisualType=
Path=object_hsi.xml

[item_1]
WorldType=objects
ObjectType=Actor
Name=437F20BE78834F738C0FA1836D75315E
VisualType=Actor
PositionX=2.439679
PositionY=10.111036
PositionZ=21.507328
AngleX=-0.000000
AngleY=-3.134996
AngleZ=0.000000
ScaleX=0.999907
ScaleY=1.000000
ScaleZ=0.999907
VisualConfig=ini\npc\item\item_0011.ini
showshadow=0
Path=item_1.xml

[item_0011_fly001]
WorldType=music
ObjectType=Music
Name=19A8B07A71744BAFAD8E62B56783C081
VisualType=Music
MusicConfig=sound\skill\npc\item_0011_fly001.ogg
MusicType=npc
Path=item_0011_fly001.xml

