[pssm]
PSSMEnable=false
FilterMode=pcf
FilterLevel=2
DepthSlope0=0.000190
DepthSlope1=0.000100
DepthSlope2=0.000150
DepthSlope3=0.000200
DepthBias0=0.000200
DepthBias1=0.000400
DepthBias2=0.000800
DepthBias3=0.001600
ShadowInten=0.800000
ShadowMapCount=4
ShadowMapSize=2048
CameraDistance=200.000000
ShadowDistance=200.000000
LogSplitWeight=1.000000
VSMLowLimit=1.000000
LightDistance=200.000000
PrelightEnable=false

