[1]
PositionX=-88.475166
PositionY=123.585663
PositionZ=51.594425
AngleX=0.165806
AngleY=3.806455
AngleZ=0.000000

[2]
PositionX=101.280937
PositionY=75.057625
PositionZ=-66.247421
AngleX=0.997745
AngleY=3.574108
AngleZ=0.000000

[3]
PositionX=160.302597
PositionY=151.680481
PositionZ=159.719070
AngleX=0.680678
AngleY=3.909538
AngleZ=0.000000

