[system]
ShowDesignLine=1
DesignRadius=200.000000
CollideRadius=50.000000
AutoSave=false
AutoSaveMinutes=30
RoleConfig=ini\shan_equip_001_1.ini
ShowLightRange=false
RoleAdjustAngle=true
EnableWarFog=false
WarFogRadius=5.000000

[camera]
PositionX=-40.546257
PositionY=23.316486
PositionZ=-6.583009
AngleX=0.680678
AngleY=3.141593
AngleZ=0.000000
FovAngle=39.000000
Speed=20.000000
DragSpeed=0.500000
LockPitch=true
LockPitchAngle=39.000000
LockYaw=true
LockYawAngle=180.000000

[special_map]
MapNum=0

[blend_color]
ColorNum=0

[camera1]
FovAngle=45.000000
LockPitchAngle=39.000000
LockYawAngle=180.000000
BindDist=16.000000
BindHeight=0.300000
DelayMaxDis=0.800000
DelaySpeed=2.000000
DelayReturnFactor=10.000000
FaceBossRadius=5.000000
