[ppdof]
PPdofEnable=false
Linear=false
StartDepth=17.400000
EndDepth=77.900002
FocusDepth=1.000000
BlurValue=2.000000
MaxofBlur=10.000000

