[ppfilter]
GammaEnable=false
GradualEnable=false
GradualStart=-0.560000
GradualEnd=0.120000
GradualExp=3.000000
GradualColor=255,85,170,163
HSIEnable=false
AdjustBaseColor=255,255,224,234
AdjustBrightness=70.000000
AdjustContrast=2.000000
AdjustSaturation=61.000000
AngleEnable=false
AngleStart=0.480000
AngleEnd=0.970000
AngleExp=1.500000
AngleColor=255,160,96,108

