[scene]
rigidbody=map/scene/underpalace_lava_zzx_gt.xmod
posx=-4.080002
posy=10.000000
posz=2.865997
anglex=0.000000
angley=-3.141000
anglez=0.000000
friction=1.0f
rollingfriction=0.25
restitution=0.25
gravity=-9.8f
groundhigh=33.657f
