[standard_9]
BumpScale=1.000000
RimPower=0.000000
Glossiness=10.000000
Opacity=1.000000
ReflectFactor=1.000000
SubSurfaceScale=1.000000
AlphaRef=0.000000
GlowAlpha=1.000000
Emissive=1.000,1.000,1.000
AlphaTest=true
DiffuseMap=wing_006a.pvr
RimIntensity=0.000000
GlowSize=0.000000
DoubleSide=true
Specular=1.000,1.000,1.000
BlendQuality=true
Diffuse=0.000,0.000,0.000
Ambient=1.500,1.500,1.500
SubSurfaceFactor=0.5
PointFilter=

