[monk_show_001]
BumpScale=1.000000
RimPower=0.000000
Glossiness=10.000000
Opacity=1.000000
ReflectFactor=1.000000
SubSurfaceScale=1.000000
AlphaRef=0.000000
GlowAlpha=1.000000
Emissive=1.000,1.000,1.000
BumpMapEnable=true
SpecularLevelMap=monk_show_001_s.pvr
BumpMap=monk_show_001_n.pvr
DiffuseMap=monk_show_001_d.pvr
RimIntensity=0.000000
GlowSize=0.000000
Specular=1.000,1.000,1.000
SubSurfaceFactor=1.000000
SpecularEnable=true
PointFilter=

