[01 - default]
Glossiness=10.000000
Opacity=0.000000
NoLight=true
SubSurfaceScale=0.000000
AlphaRef=0.000000
Emissive=0.000,0.000,0.000
Applique=true
Specular=0.000,0.000,0.000
Diffuse=0.588,0.588,0.588
DiffuseMap=light081.dds
NoZWrite=true
Ambient=0.588,0.588,0.588
SubSurfaceFactor=0.000000

