[1]
PositionX=103.917519
PositionY=75.057625
PositionZ=-67.142372
AngleX=1.023925
AngleY=3.490660
AngleZ=0.000000

[2]
PositionX=101.280937
PositionY=75.057625
PositionZ=-66.247421
AngleX=0.997745
AngleY=3.574108
AngleZ=0.000000

[3]
PositionX=-70.167023
PositionY=135.619263
PositionZ=58.293011
AngleX=0.491601
AngleY=3.888267
AngleZ=0.000000

