[pssm]
PSSMEnable=false
FilterMode=pcf
FilterLevel=1
DepthSlope0=0.000050
DepthSlope1=0.000100
DepthSlope2=0.000150
DepthSlope3=0.000200
DepthBias0=0.000200
DepthBias1=0.000400
DepthBias2=0.000800
DepthBias3=0.001600
ShadowInten=1.000000
ShadowMapCount=4
ShadowMapSize=1024
CameraDistance=150.000000
ShadowDistance=100.000000
LogSplitWeight=0.750000
VSMLowLimit=0.100000
LightDistance=100.000000
PrelightEnable=false

