[1]
PositionX=24.339149
PositionY=56.367050
PositionZ=73.205139
AngleX=0.680678
AngleY=3.909538
AngleZ=0.000000

[2]
PositionX=30.448376
PositionY=61.107639
PositionZ=61.968876
AngleX=0.680678
AngleY=3.909538
AngleZ=0.000000

[3]
PositionX=40.773445
PositionY=67.745461
PositionZ=33.792816
AngleX=0.680678
AngleY=3.909538
AngleZ=0.000000

[4]
PositionX=64.729004
PositionY=69.532890
PositionZ=8.646998
AngleX=0.680678
AngleY=3.909538
AngleZ=0.000000

