[ppdof]
PPdofEnable=false
Linear=true
StartDepth=30.000000
EndDepth=70.000000
FocusDepth=10.000000
BlurValue=5.000000
MaxofBlur=5.000000

