[1]
PositionX=-18.262190
PositionY=30.863907
PositionZ=-30.774260
AngleX=0.680678
AngleY=3.909538
AngleZ=0.000000

