[1]
PositionX=6.175152
PositionY=50.319420
PositionZ=-10.373901
AngleX=0.674862
AngleY=4.027359
AngleZ=0.000000

