[scene]
rigidbody=map/scene/marsh_lostriver02_znj_gt.xmod
posx=1.948847
posy=8.107537
posz=8.433164
anglex=0.000000
angley=-1.571
anglez=0.000000
scalex=0.75
scaley=0.75
scalez=0.75
friction=1.0f
rollingfriction=0.25
restitution=0.25
gravity=-9.8f
groundhigh=33.7f
