[1]
PositionX=59.243954
PositionY=31.820414
PositionZ=30.002897
AngleX=1.183914
AngleY=3.335218
AngleZ=0.000000

