[standard_7]
BumpScale=1.000000
RimPower=0.000000
Glossiness=10.000000
Opacity=0.300000
NoLight=false
ReflectFactor=1.000000
SubSurfaceScale=1.000000
AlphaRef=0.000000
GlowAlpha=1.000000
Blend=true
Emissive=1.000,1.000,1.000
DiffuseMap=vein_0009.dds
RimIntensity=0.000000
GlowSize=0.000000
Specular=1.000,1.000,1.000
Diffuse=0.000,0.000,0.000
Ambient=1.490,2.000,1.937
SubSurfaceFactor=1.000000
PointFilter=

