[ppdof]
PPdofEnable=false
Linear=true
StartDepth=30.000000
EndDepth=100.000000
FocusDepth=10.000000
BlurValue=2.000000
MaxofBlur=2.000000

