[scene]
rigidbody=map/scene/underpalace_maya02_cr_gt.xmod
posx=0.50199
posy=10
posz=18.992004
anglex=0.000000
angley=0.000000
anglez=0.000000
friction=1.0f
rollingfriction=0.25
restitution=0.25
gravity=-9.8f
groundhigh=40.204f