[system]
ShowDesignLine=1
DesignRadius=200.000000
CollideRadius=50.000000
AutoSave=false
AutoSaveMinutes=30
RoleConfig=ini\shan_equip_001_1.ini
ShowLightRange=false
RoleAdjustAngle=true
EnableWarFog=false
WarFogRadius=5.000000

[camera]
PositionX=76.818413
PositionY=37.944744
PositionZ=89.045860
AngleX=0.513071
AngleY=4.093068
AngleZ=0.000000
FovAngle=51.000000
Speed=20.000000
DragSpeed=0.500000
LockPitch=false
LockPitchAngle=39.000000
LockYaw=false
LockYawAngle=224.000000

[special_map]
MapNum=0

[blend_color]
ColorNum=0

[camera1]
FovAngle=39.000000
LockPitchAngle=39.000000
LockYawAngle=224.000000
BindDist=16.000000
BindHeight=0.300000
DelayMaxDis=0.800000
DelaySpeed=2.000000
DelayReturnFactor=10.000000
FaceBossRadius=5.000000


