[1]
PositionX=39.089954
PositionY=30.313377
PositionZ=73.784416
AngleX=0.543961
AngleY=4.128810
AngleZ=0.000000

