[1]
PositionX=-108.702553
PositionY=28.886148
PositionZ=56.757366
AngleX=0.642864
AngleY=0.879202
AngleZ=0.000000

