[scene]
rigidbody=map/scene/war_taiji_cr_gt.xmod
posx=-2.081218
posy=16.018274
posz=22.416618
anglex=0.000000
angley=3.141
anglez=0.000000
scalex=1.0
scaley=1.0
scalez=1.0
friction=1.0f
rollingfriction=0.25
restitution=0.25
gravity=-9.8f
groundhigh=33.657f