[scene]
rigidbody=map/scene/marsh_lostriver01_csq_gt.xmod
posx=29.225649
posy=10.325807
posz=6.118153
anglex=0.000000
angley=-1.571
anglez=0.000000
friction=1.0f
rollingfriction=0.25
restitution=0.25
gravity=-9.8f
groundhigh=31.37f
