[02 - default]
BumpScale=1.000000
Glossiness=15.000000
Opacity=1.000000
ReflectFactor=1.000000
SubSurfaceScale=1.000000
AlphaRef=0.000000
GlowAlpha=1.000000
Blend=true
Emissive=1.000,1.000,1.000
DiffuseMap=effect_line_in_circle.dds
GlowSize=0.000000
Applique=true
Specular=1.000,1.000,1.000
NoZWrite=true
SubSurfaceFactor=1.000000
PointFilter=

