[ppbloom]
PPBloomEnable=false
MaxBrightness=-0.720000
GlowWeight=0.400000
Dither1X=0.004100
Dither1Y=0.002600
Dither2X=0.002000
Dither2Y=0.002000

