[ppdof]
PPdofEnable=false
Linear=false
StartDepth=10.000000
EndDepth=80.000000
FocusDepth=50.000000
BlurValue=10.000000
MaxofBlur=5.000000

