[ppfilter]
GammaEnable=false
GradualEnable=false
GradualStart=-0.940000
GradualEnd=0.380000
GradualExp=3.000000
GradualColor=255,206,0,0
HSIEnable=false
AdjustBaseColor=255,255,245,229
AdjustBrightness=50.000000
AdjustContrast=0.000000
AdjustSaturation=60.000000
AngleEnable=false
AngleStart=0.550000
AngleEnd=0.790000
AngleExp=1.370000
AngleColor=255,76,111,160

