[1]
PositionX=7.901828
PositionY=38.558132
PositionZ=32.310848
AngleX=0.756309
AngleY=3.901345
AngleZ=0.000000

