[ppfilter]
GammaEnable=false
GradualEnable=false
GradualStart=-0.500000
GradualEnd=0.800000
GradualExp=3.000000
GradualColor=255,154,169,178
HSIEnable=false
AdjustBaseColor=255,247,248,255
AdjustBrightness=54.000000
AdjustContrast=5.000000
AdjustSaturation=50.000000
AngleEnable=false
AngleStart=0.540000
AngleEnd=0.700000
AngleExp=0.700000
AngleColor=255,60,10,130

