[1]
PositionX=13.864322
PositionY=40.521980
PositionZ=-12.649398
AngleX=0.680678
AngleY=3.909538
AngleZ=0.000000

