[ppfilter]
GammaEnable=false
GradualEnable=false
GradualStart=-1.330000
GradualEnd=0.030000
GradualExp=3.000000
GradualColor=255,160,171,178
HSIEnable=false
AdjustBaseColor=255,242,255,229
AdjustBrightness=50.000000
AdjustContrast=10.000000
AdjustSaturation=49.000000
AngleEnable=false
AngleStart=0.500000
AngleEnd=0.700000
AngleExp=0.700000
AngleColor=255,122,134,178

