[MainInfo]
FrameTime=0.040000
RulerStart=0.000000
RulerEnd=391.000000
CameraX=-8.043109
CameraY=22.040157
CameraZ=36.120071
CameraRX=0.663228
CameraRY=2.446192
CameraRZ=0.000000
CaptureAngleX=0.000000
CaptureAngleY=0.000000
CaptureAngleZ=0.000000
CapturePosX=0.000000
CapturePosY=0.000000
CapturePosZ=0.000000
ShowPlayer=1
ShadowRect=0.34,4.59,3.54,10.00
BackMusicVolume=0.4
BackMusicFadeTime=2

[camera_1]
WorldType=objects
ObjectType=camera
Name=3149D6578CCE41BCB974A49E1F721981
VisualType=CameraWrapper
PositionX=-112.177521
PositionY=212.009766
PositionZ=-108.725853
AngleX=0.930942
AngleY=0.798521
AngleZ=0.000000
ScaleX=1.000000
ScaleY=1.000000
ScaleZ=1.000000
VisualConfig=mdl\camera\camera01\camera.xmod
CameraType=free
Fovx=1.396263
Path=camera_1.xml

[weapon_lightning_001_1]
WorldType=objects
ObjectType=EffectModel
Name=8DC8553651884BE7B6A853846A1F6262
VisualType=EffectModel
PositionX=-110.352745
PositionY=204.511490
PositionZ=-106.777969
AngleX=1.426555
AngleY=1.857755
AngleZ=1.649029
ScaleX=0.999778
ScaleY=0.999744
ScaleZ=0.999698
EffectConfig=ini\effect\effectmodel.ini
EffectName=weapon_lightning_001
Path=weapon_lightning_001_1.xml

[monster_1]
WorldType=objects
ObjectType=Actor
Name=4DF0337252734419BCF04F825171681B
VisualType=Actor
PositionX=-112.059204
PositionY=204.493256
PositionZ=-107.833931
AngleX=1.548823
AngleY=1.286557
AngleZ=0.433245
ScaleX=0.999824
ScaleY=0.999698
ScaleZ=0.999696
VisualConfig=ini\npc\shady\mon_ani_0006h.ini
Path=monster_1.xml

[monster_2]
WorldType=objects
ObjectType=action_obj
Name=23B014B5C63C40EFBBE2F999B5DCC9AA
VisualType=Actor
PositionX=-112.405487
PositionY=206.118668
PositionZ=-106.302727
AngleX=1.168375
AngleY=1.162261
AngleZ=0.322694
ScaleX=0.999824
ScaleY=0.999825
ScaleZ=0.999832
VisualConfig=ini\npc\shady\mon_ani_0006_bh.ini
Path=monster_2.xml

[monster_3]
WorldType=objects
ObjectType=action_obj
Name=CF0F0CB0AD864A2CA6C166B516242380
VisualType=Actor
PositionX=-109.581467
PositionY=204.456543
PositionZ=-108.513702
AngleX=1.225832
AngleY=-0.314260
AngleZ=-1.063593
ScaleX=0.999481
ScaleY=0.999102
ScaleZ=0.999377
VisualConfig=ini\npc\shady\mon_ani_0006_bh.ini
Path=monster_3.xml

[item_1]
WorldType=objects
ObjectType=Actor
Name=437F20BE78834F738C0FA1836D75315E
VisualType=Actor
PositionX=2.439679
PositionY=10.111036
PositionZ=21.507328
AngleX=-0.000000
AngleY=-3.134996
AngleZ=0.000000
ScaleX=0.999907
ScaleY=1.000000
ScaleZ=0.999907
VisualConfig=ini\npc\item\item_0011.ini
showshadow=0
Path=item_1.xml

[object_hsi]
WorldType=objects
ObjectType=ppfilter_hsi
Name=
VisualType=
Path=object_hsi.xml

[global]
WorldType=custom
ObjectType=
Name=
VisualType=
Path=global.xml

[mon_ani_0006_fly001]
WorldType=music
ObjectType=Music
Name=9982ADF676004ADAA39D6D2B3434F23A
VisualType=Music
MusicConfig=sound\skill\npc\mon_ani_0006_fly001.ogg
MusicType=npc
Path=mon_ani_0006_fly001.xml

[1_5_heimu001]
WorldType=music
ObjectType=Music
Name=F436FF622809435DA037FEFE49EA6D8A
VisualType=Music
MusicConfig=sound\speak\shady\1_5_heimu001.ogg
MusicType=npc
Path=1_5_heimu001.xml

