[1]
PositionX=86.375671
PositionY=27.597584
PositionZ=28.381222
AngleX=0.680678
AngleY=3.909538
AngleZ=0.000000

