[MainInfo]
FrameTime=0.033333
RulerStart=0.000000
RulerEnd=300.000000
CameraX=-13.377185
CameraY=22.019547
CameraZ=5.594291
CameraRX=0.435276
CameraRY=-1.821680
CameraRZ=0.000000
CaptureAngleX=0.000000
CaptureAngleY=0.000000
CaptureAngleZ=0.000000
CapturePosX=0.000000
CapturePosY=0.000000
CapturePosZ=0.000000

[npc_1]
WorldType=objects
ObjectType=Actor2
Name=11B27C47CDCC4DA499FA079300CDC3C1
VisualType=Actor2
PositionX=-28.368248
PositionY=15.432355
PositionZ=5.329657
AngleX=-0.000000
AngleY=2.250003
AngleZ=0.000000
ScaleX=0.999828
ScaleY=0.999999
ScaleZ=0.999828
VisualConfig=ini\npc\npc\npc_shu_007.ini
Path=npc_1.xml


[camera_1]
WorldType=objects
ObjectType=camera
Name=D06921F1899C4D528AB155142C225A3E
VisualType=CameraWrapper
PositionX=-13.377185
PositionY=22.019547
PositionZ=5.594291
AngleX=0.435276
AngleY=-1.821680
AngleZ=0.000000
ScaleX=1.000000
ScaleY=1.000000
ScaleZ=1.000000
VisualConfig=obj\camera\camera01\camera.xmod
CameraType=free
Fovx=1.396263
Path=camera_1.xml

