[ppdof]
PPdofEnable=false
Linear=false
StartDepth=10.000000
EndDepth=100.000000
FocusDepth=2.000000
BlurValue=8.000000
MaxofBlur=0.800000

