[ppfilter]
GammaEnable=false
GradualEnable=false
GradualStart=-5.000000
GradualEnd=9.220000
GradualExp=3.000000
GradualColor=255,40,178,164
HSIEnable=false
AdjustBaseColor=255,247,248,255
AdjustBrightness=54.000000
AdjustContrast=11.000000
AdjustSaturation=50.000000
AngleEnable=false
AngleStart=0.540000
AngleEnd=0.700000
AngleExp=0.700000
AngleColor=255,60,10,130

