[pphdr]
BloomEnable=false
MaxBrightness=1.000000
GlowWeight=0.100000
Dither=0.016100
Gamma=1.503600
HDREnable=false
HDRExposure=1.000000
HDRGaussianScale=2.100000
HDRExposureAdd=0.210000

