[1]
PositionX=96.129837
PositionY=60.612316
PositionZ=88.357841
AngleX=0.538143
AngleY=3.916088
AngleZ=0.000000

[2]
PositionX=108.504234
PositionY=53.243107
PositionZ=100.018387
AngleX=0.408871
AngleY=3.932451
AngleZ=0.000000

