[screen]
TextureLod=0.000000
AlphaRef=128
FarClip=80.000000
GrassRadius=1000.000000
GroundEnvMap=2
VisualEnvMap=2
AlphaFadeRadius=1000.000000
AlphaHideRadius=1000.000000
VisualRadiusSmall=0.100000
VisualRadiusBig=100.000000
ClipRadiusNear=80.000000
ClipRadiusFar=80.000000
LoadRadiusAdd=100.000000
UnloadRadiusAdd=80.000000

