[1]
PositionX=20.960932
PositionY=42.428993
PositionZ=83.634232
AngleX=0.823215
AngleY=9.780361
AngleZ=0.000000

