[1]
PositionX=29.621744
PositionY=23.924347
PositionZ=22.003624
AngleX=0.680678
AngleY=3.909538
AngleZ=0.000000

