[ppdof]
PPdofEnable=false
Linear=false
StartDepth=10.000000
EndDepth=100.000000
FocusDepth=2.000000
BlurValue=0.020000
MaxofBlur=2.000000

