[1]
PositionX=-10.726956
PositionY=29.829628
PositionZ=-24.534397
AngleX=0.680678
AngleY=3.909538
AngleZ=0.000000

