[1]
PositionX=52.583885
PositionY=40.963966
PositionZ=24.031261
AngleX=0.782488
AngleY=3.997895
AngleZ=0.000000

[2]
PositionX=101.280937
PositionY=75.057625
PositionZ=-66.247421
AngleX=0.997745
AngleY=3.574108
AngleZ=0.000000

[3]
PositionX=160.302597
PositionY=151.680481
PositionZ=159.719070
AngleX=0.680678
AngleY=3.909538
AngleZ=0.000000

