[ppfilter]
GammaEnable=false
GradualEnable=true
GradualStart=-0.780000
GradualEnd=0.280000
GradualExp=3.000000
GradualColor=255,30,180,255
HSIEnable=true
AdjustBaseColor=255,255,255,255
AdjustBrightness=50.000000
AdjustContrast=0.000000
AdjustSaturation=50.000000
AngleEnable=true
AngleStart=0.500000
AngleEnd=0.700000
AngleExp=0.700000
AngleColor=255,122,134,178

