[scene]
rigidbody=map/scene/temple_afterlava02_zm_gt.xmod
posx=7.863174
posy=27.303387
posz=-6.345923
anglex=0.000000
angley=3.141000
anglez=0.000000
scalex=0.8
scaley=0.8
scalez=0.8
friction=1.0f
rollingfriction=0.25
restitution=0.25
gravity=-9.8f
groundhigh=33.657f

