[1]
PositionX=53.231461
PositionY=138.663788
PositionZ=84.556183
AngleX=0.858121
AngleY=3.649377
AngleZ=0.000000

