[1]
PositionX=13.149387
PositionY=43.190800
PositionZ=66.878448
AngleX=0.680678
AngleY=3.141593
AngleZ=0.000000

[2]
PositionX=17.999392
PositionY=58.184361
PositionZ=77.605957
AngleX=0.680678
AngleY=3.141593
AngleZ=0.000000

[3]
PositionX=26.743780
PositionY=49.481899
PositionZ=32.698914
AngleX=0.680678
AngleY=3.141593
AngleZ=0.000000

[5]
PositionX=-26.872936
PositionY=53.049366
PositionZ=22.644257
AngleX=0.680678
AngleY=3.141593
AngleZ=0.000000

