[screen]
TextureLod=0.000000
AlphaRef=50
FarClip=20.000000
GrassRadius=5.000000
GroundEnvMap=0
VisualEnvMap=0
AlphaFadeRadius=10.000000
AlphaHideRadius=10.000000
VisualRadiusSmall=1.000000
VisualRadiusBig=50.000000
ClipRadiusNear=20.000000
ClipRadiusFar=50.000000
LoadRadiusAdd=30.000000
UnloadRadiusAdd=50.000000

