[ppdof]
PPdofEnable=false
Linear=true
StartDepth=10.000000
EndDepth=30.700001
FocusDepth=2.000000
BlurValue=10.000000
MaxofBlur=5.116000

