[ppfilter]
GammaEnable=false
GradualEnable=false
GradualStart=-0.500000
GradualEnd=0.800000
GradualExp=3.000000
GradualColor=255,154,169,178
HSIEnable=false
AdjustBaseColor=255,255,252,237
AdjustBrightness=41.000000
AdjustContrast=3.000000
AdjustSaturation=66.000000
AngleEnable=false
AngleStart=0.390000
AngleEnd=0.860000
AngleExp=1.500000
AngleColor=255,45,75,117

