[system]
ShowDesignLine=0
DesignRadius=200.000000
CollideRadius=50.000000
AutoSave=false
AutoSaveMinutes=30
RoleConfig=obj\char\fit_equip_002.ini
ShowLightRange=false
RoleAdjustAngle=true
EnableWarFog=false
WarFogRadius=5.000000

[camera]
PositionX=-28.025660
PositionY=53.806614
PositionZ=-40.698742
AngleX=0.000000
AngleY=5.5
AngleZ=0.000000
FovAngle=40.000000
Speed=20.000000
DragSpeed=0.500000
LockPitch=true
LockPitchAngle=45.000000
LockYaw=false
LockYawAngle=0.000000

[special_map]
MapNum=0

[blend_color]
ColorNum=0

[camera1]
FovAngle=39.000000
LockPitchAngle=39.000000
LockYawAngle=180.000000
BindDist=13.000000
BindHeight=0.300000
DelayMaxDis=0.800000
DelaySpeed=2.000000
DelayReturnFactor=10.000000
FaceBossRadius=5.000000