[MainInfo]
FrameTime=0.033333
RulerStart=0.000000
RulerEnd=450.000000
CameraX=-33.864281
CameraY=15.110703
CameraZ=32.415405
CameraRX=0.416273
CameraRY=-3.012260
CameraRZ=0.000001
CaptureAngleX=0.000000
CaptureAngleY=0.000000
CaptureAngleZ=0.000000
CapturePosX=0.000000
CapturePosY=0.000000
CapturePosZ=0.000000

[camera_1]
WorldType=objects
ObjectType=camera
Name=ADC373B86F8D4295BECA78E2C1AB00E8
VisualType=CameraWrapper
PositionX=-33.864281
PositionY=15.110703
PositionZ=32.415405
AngleX=0.416273
AngleY=-3.012260
AngleZ=0.000001
ScaleX=1.000000
ScaleY=1.000000
ScaleZ=1.000000
VisualConfig=obj\camera\camera01\camera.xmod
CameraType=free
Fovx=1.396263
Path=camera_1.xml

[npc_1]
WorldType=objects
ObjectType=Actor2
Name=3B662939A58E40C7936F6F704EF3474D
VisualType=Actor2
PositionX=-26.306583
PositionY=9.998308
PositionZ=27.061029
AngleX=-0.000000
AngleY=0.854986
AngleZ=0.000000
ScaleX=0.999895
ScaleY=1.000000
ScaleZ=0.999895
VisualConfig=ini\npc\npc\npc_shu_007.ini
Path=npc_1.xml

[scenes_ray_001_1]
WorldType=objects
ObjectType=EffectModel
Name=4455ABA062A7439DB2550FB57E34BC77
VisualType=EffectModel
PositionX=-39.634342
PositionY=-0.201781
PositionZ=19.557226
AngleX=-0.000000
AngleY=0.000000
AngleZ=0.000000
ScaleX=1.000000
ScaleY=1.000000
ScaleZ=1.000000
EffectConfig=map\ini\particles_mdl.ini
EffectName=scenes_ray_001
Path=scenes_ray_001_1.xml

[music_desert_001]
WorldType=music
ObjectType=Music
Name=8A315D7A87B348DE93387E16C218A9BE
VisualType=Music
MusicConfig=sound\movie\move_titan_001.ogg
Path=music_desert_001.xml
