[ppvolumelighting]
ppvolumelightingEnable=true
SunColor=255,255,165,76
SunRadius=0.000000
SunLevel=1.200000
SunShineRadius=0.200000
SunShineUp=0.580000
SampleBias=0.820000
SampleDistance=0.050000

