[1]
PositionX=72.503738
PositionY=46.220329
PositionZ=42.658493
AngleX=0.680678
AngleY=3.909538
AngleZ=0.000000

[2]
PositionX=57.921341
PositionY=49.953987
PositionZ=16.761337
AngleX=0.680678
AngleY=3.909538
AngleZ=0.000000

[3]
PositionX=33.967705
PositionY=50.469250
PositionZ=14.269752
AngleX=0.680678
AngleY=3.909538
AngleZ=0.000000

[4]
PositionX=7.508884
PositionY=46.524368
PositionZ=12.063096
AngleX=0.680678
AngleY=3.909538
AngleZ=0.000000

