[screen]
TextureLod=0.000000
AlphaRef=254
FarClip=500.000000
GrassRadius=5.000000
GroundEnvMap=0
VisualEnvMap=0
AlphaFadeRadius=10.000000
AlphaHideRadius=10.000000
VisualRadiusSmall=1.000000
VisualRadiusBig=30.000000
ClipRadiusNear=500.000000
ClipRadiusFar=500.000000
LoadRadiusAdd=100.000000
UnloadRadiusAdd=100.000000

