[1]
PositionX=92.896568
PositionY=21.564255
PositionZ=93.742088
AngleX=0.680678
AngleY=3.909538
AngleZ=0.000000

