[system]
ShowDesignLine=0
DesignRadius=200.000000
CollideRadius=50.000000
AutoSave=false
AutoSaveMinutes=30
RoleConfig=ini\role.ini
ShowLightRange=false
RoleAdjustAngle=true
EnableWarFog=false
WarFogRadius=5.000000

[camera]
PositionX=-8.214733
PositionY=72.362953
PositionZ=0.000000
AngleX=0.000000
AngleY=0.000000
AngleZ=0.000000
FovAngle=40.000000
Speed=20.000000
DragSpeed=0.500000
LockPitch=true
LockPitchAngle=45.000000
LockYaw=false
LockYawAngle=0.000000

[special_map]
MapNum=0

[blend_color]
ColorNum=0

[camera1]
FovAngle=39.000000
LockPitchAngle=39.000000
LockYawAngle=180.000000
BindDist=17.000000
BindHeight=0.300000
DelayMaxDis=0.800000
DelaySpeed=2.000000
DelayReturnFactor=10.000000
FaceBossRadius=5.000000
