[MainInfo]
FrameTime=0.040000
RulerStart=0.000000
RulerEnd=583.000000
CameraX=113.126877
CameraY=26.485098
CameraZ=2.569818
CameraRX=0.024242
CameraRY=-1.619308
CameraRZ=0.000000
CaptureAngleX=0.000000
CaptureAngleY=0.000000
CaptureAngleZ=0.000000
CapturePosX=0.000000
CapturePosY=0.000000
CapturePosZ=0.000000
CanBreak=1
ShowPlayer=0
ShowNpc=0
ShowWeapon=0
Player=6CACCECCD91C45F0A5679925787EC22F
BackMusicVolume=0.6
BackMusicFadeTime=2

[global]
WorldType=custom
ObjectType=
Name=
VisualType=
Path=global.xml

[boss_1]
WorldType=objects
ObjectType=Actor
Name=8AAB7175BC304886B1CF89AA71DE8D79
VisualType=Actor
PositionX=67.086166
PositionY=14.601876
PositionZ=0.769797
AngleX=-0.000000
AngleY=1.414986
AngleZ=0.000000
ScaleX=2.159971
ScaleY=2.160001
ScaleZ=2.159971
VisualConfig=ini\npc\boss\boss_ani_0001.ini
VisualConfigLow=ini\npc\boss\boss_ani_0001_h.ini
Path=boss_1.xml

[common_diefire_001_1]
WorldType=objects
ObjectType=EffectModel
Name=A586A75F71464C759CF0EA60C3948EFE
VisualType=EffectModel
PositionX=68.614662
PositionY=22.252375
PositionZ=1.833638
AngleX=-0.000000
AngleY=1.270107
AngleZ=0.000000
ScaleX=5.777074
ScaleY=6.470005
ScaleZ=6.467280
EffectConfig=ini\effect\effectmodel.ini
EffectName=common_diefire_001
Path=common_diefire_001_1.xml

[shady_1]
WorldType=objects
ObjectType=action_obj
Name=6CACCECCD91C45F0A5679925787EC22F
VisualType=Actor
PositionX=84.694038
PositionY=22.328033
PositionZ=0.523427
AngleX=0.000000
AngleY=-1.449996
AngleZ=0.000000
ScaleX=0.999993
ScaleY=1.000000
ScaleZ=0.999993
VisualConfig=ini\npc\shady\shady_0009.ini
Path=shady_1.xml

[camera_1]
WorldType=objects
ObjectType=camera
Name=358615E15420420E881D7F3CEF7C7A8A
VisualType=CameraWrapper
PositionX=82.558548
PositionY=25.393578
PositionZ=0.791375
AngleX=-0.074524
AngleY=-1.606146
AngleZ=-0.000000
ScaleX=0.999985
ScaleY=0.999987
ScaleZ=0.999991
VisualConfig=mdl\camera\camera01\camera.xmod
CameraType=free
Fovx=1.396263
Path=camera_1.xml

[item_1]
WorldType=objects
ObjectType=Actor
Name=2FC964A8A817471DAE2B91970FBEE8B1
VisualType=Actor
PositionX=45.949802
PositionY=25.360685
PositionZ=1.215376
AngleX=0.000000
AngleY=-1.584993
AngleZ=0.000000
ScaleX=0.999704
ScaleY=1.000000
ScaleZ=0.999704
VisualConfig=ini\npc\item\item_0019.ini
Path=item_1.xml

[item_0006_dust_1]
WorldType=objects
ObjectType=action_obj
Name=886FAF2363B94931BF9772E983F88FBD
VisualType=EffectModel
PositionX=49.260025
PositionY=26.301653
PositionZ=1.089767
AngleX=-0.000000
AngleY=1.644997
AngleZ=0.000000
ScaleX=1.169992
ScaleY=1.170000
ScaleZ=1.169992
EffectConfig=ini\effect\effectmodel.ini
EffectName=item_0006_dust
Path=item_0006_dust_1.xml

[boss_ani_0002_skill_chongji001]
WorldType=music
ObjectType=Music
Name=4575BC3436544355AC092C853B634AFE
VisualType=Music
MusicConfig=sound\skill\npc\boss_ani_0002_skill_chongji001.ogg
MusicType=npc
Path=boss_ani_0002_skill_chongji001.xml

[item_0015_open001]
WorldType=music
ObjectType=Music
Name=57A2514619F44F019691283DF343453C
VisualType=Music
MusicConfig=sound\skill\npc\item_0015_open001.ogg
MusicType=npc
Path=item_0015_open001.xml

[npc_skill_firewave_002]
WorldType=music
ObjectType=Music
Name=2F344F8282874CED809673CAD2E34BF7
VisualType=Music
MusicConfig=sound\skill\npc\npc_skill_firewave_002.ogg
MusicType=npc
Path=npc_skill_firewave_002.xml

[heimu728_01_01]
WorldType=music
ObjectType=Music
Name=F11AEACA19204ADFA503594393072788
VisualType=Music
MusicConfig=sound\speak\shady\heimu728_01_01.ogg
MusicType=npc
Path=heimu728_01_01.xml

[heimu728_01_02_a]
WorldType=music
ObjectType=Music
Name=4C0F8B7C1E794E7287763AEDB5E90683
VisualType=Music
MusicConfig=@sound18
MusicType=npc
Path=heimu728_01_02_a.xml
