[1]
PositionX=-20.746588
PositionY=26.756025
PositionZ=-68.448929
AngleX=0.680678
AngleY=3.909538
AngleZ=0.000000

