[pphdr]
BloomEnable=false
MaxBrightness=0.100000
GlowWeight=0.200000
Dither=0.005000
Gamma=1.002800
HDREnable=false
HDRExposure=10.000000
HDRGaussianScale=20.000000
HDRExposureAdd=0.200000

