[ppblast]
PPBlastEnable=false
Intensity=0.020000
LifeTime=0.200000
BlastColor=255,255,255,255

