[1]
PositionX=-60.831188
PositionY=42.573448
PositionZ=-79.878929
AngleX=0.680678
AngleY=3.909538
AngleZ=0.000000

