[1]
PositionX=108.110077
PositionY=25.549419
PositionZ=60.789772
AngleX=0.680678
AngleY=3.909538
AngleZ=0.000000

