[Map]
StartX=-128.000000
StartZ=-128.000000
Width=256.000000
Height=256.000000
ImageWidth=256
ImageHeight=256

