[scene]
rigidbody=map/scene/float_island04_fyn_gt.xmod
posx=13.578995
posy=30.695
posz=25.628006
anglex=0.000000
angley=1.571
anglez=0.000000
friction=1.0f
rollingfriction=0.25
restitution=0.25
gravity=-9.8f
groundhigh=57.302f