[system]
ShowDesignLine=3
DesignRadius=200.000000
CollideRadius=50.000000
AutoSave=false
AutoSaveMinutes=30
RoleConfig=obj\char\fit_equip_002.ini
ShowLightRange=false
RoleAdjustAngle=true
EnableWarFog=false
WarFogRadius=5.000000

[camera]
PositionX=102.046364
PositionY=38.916004
PositionZ=17.315361
AngleX=0.590503
AngleY=4.112425
AngleZ=0.000000
FovAngle=51.000000
Speed=20.000000
DragSpeed=0.500000
LockPitch=false
LockPitchAngle=39.000000
LockYaw=false
LockYawAngle=224.000000

[special_map]
MapNum=0

[blend_color]
ColorNum=0

[camera1]
FovAngle=39.000000
LockPitchAngle=39.000000
LockYawAngle=224.000000
BindDist=13.000000
BindHeight=0.300000
DelayMaxDis=0.800000
DelaySpeed=2.000000
DelayReturnFactor=10.000000
FaceBossRadius=5.000000

[camera3]
FovAngle=44.729572
LockPitchAngle=13.687498
LockYawAngle=75.628662
BindDist=10.500000
BindHeight=3.000000
DelayMaxDis=0.800000
DelaySpeed=2.000000
DelayReturnFactor=10.000000
FaceBossRadius=1.000000

[camera4]
FovAngle=39.000000
LockPitchAngle=13.687500
LockYawAngle=269.000122
BindDist=13.000000
BindHeight=0.300000
DelayMaxDis=0.800000
DelaySpeed=2.000000
DelayReturnFactor=10.000000
FaceBossRadius=5.000000

[camera2]
FovAngle=39.000000
LockPitchAngle=44.624992
LockYawAngle=224.000000
BindDist=21.400017
BindHeight=0.300000
DelayMaxDis=0.800000
DelaySpeed=2.000000
DelayReturnFactor=10.000000
FaceBossRadius=5.000000

[camera5]
FovAngle=39.000000
LockPitchAngle=50.250004
LockYawAngle=39.172554
BindDist=27.400040
BindHeight=0.300000
DelayMaxDis=0.800000
DelaySpeed=2.000000
DelayReturnFactor=10.000000
FaceBossRadius=5.000000

