[screen]
TextureLod=-1.000000
AlphaRef=150
FarClip=600.000000
GrassRadius=100.000000
GroundEnvMap=0
VisualEnvMap=0
AlphaFadeRadius=350.000000
AlphaHideRadius=500.000000
VisualRadiusSmall=1.000000
VisualRadiusBig=30.000000
ClipRadiusNear=300.000000
ClipRadiusFar=500.000000
LoadRadiusAdd=50.000000
UnloadRadiusAdd=50.000000

