[ppdof]
PPdofEnable=false
Linear=true
StartDepth=20.000000
EndDepth=50.000000
FocusDepth=2.000000
BlurValue=5.000000
MaxofBlur=5.000000

