[ppfilter]
GammaEnable=false
GradualEnable=false
GradualStart=-0.500000
GradualEnd=0.840000
GradualExp=3.000000
GradualColor=255,154,169,178
HSIEnable=false
AdjustBaseColor=255,255,249,239
AdjustBrightness=49.000000
AdjustContrast=4.000000
AdjustSaturation=51.000000
AngleEnable=false
AngleStart=0.500000
AngleEnd=0.700000
AngleExp=0.700000
AngleColor=255,122,134,178

