[ppvolumelighting]
ppvolumelightingEnable=false
SunColor=255, 232,207,180
SunRadius=0.232000
SunLevel=2.061000
SunShineRadius=0.157000
SunShineUp=1.239000
SampleBias=0.882000
SampleDistance=0.100000

