[ppfilter]
GammaEnable=false
GradualEnable=false
GradualStart=-0.790000
GradualEnd=0.200000
GradualExp=3.000000
GradualColor=255,188,86,52
HSIEnable=false
AdjustBaseColor=255,242,255,229
AdjustBrightness=50.000000
AdjustContrast=0.000000
AdjustSaturation=48.000000
AngleEnable=false
AngleStart=0.500000
AngleEnd=0.700000
AngleExp=0.700000
AngleColor=255,122,134,178

