[1]
PositionX=-4.107606
PositionY=27.847904
PositionZ=-107.714333
AngleX=0.680678
AngleY=3.909538
AngleZ=0.000000

