[1]
PositionX=71.009453
PositionY=39.011776
PositionZ=-35.248432
AngleX=0.680678
AngleY=3.909538
AngleZ=0.000000

[2]
PositionX=23.548012
PositionY=33.419682
PositionZ=-18.896376
AngleX=0.680678
AngleY=3.909538
AngleZ=0.000000

[3]
PositionX=77.014565
PositionY=80.479393
PositionZ=87.574135
AngleX=0.680678
AngleY=3.909538
AngleZ=0.000000

[4]
PositionX=7.508884
PositionY=46.524368
PositionZ=12.063096
AngleX=0.680678
AngleY=3.909538
AngleZ=0.000000

