[wire_1gh]
BumpScale=1.000000
RimPower=0.000000
Glossiness=10.000000
Opacity=1.000000
NoLight=false
ReflectFactor=1.000000
SubSurfaceScale=1.000000
AlphaRef=0.000000
GlowAlpha=1.000000
Emissive=1.000,1.000,1.000
AlphaTest=false
DiffuseMap=obj_0012.pvr
RimIntensity=0.000000
GlowSize=0.000000
Specular=1.000,1.000,1.000
BlendQuality=false
Diffuse=0.000,0.000,0.000
Ambient=1.418,0.535,0.535
SubSurfaceFactor=0.5
PointFilter=

