[material #26]
BumpScale=1.000000
RimPower=0.000000
Glossiness=10
Opacity=1.000000
NoLight=true
ReflectFactor=1.000000
SubSurfaceScale=1.000000
AlphaRef=0.000000
GlowAlpha=1.000000
EmissiveEnable=true
EmissiveMap=login_new3261.pvr
Emissive=0.569,0.620,0.620
DiffuseMap=login_new3261.pvr
ReverbOcclusion=1.000000
DirectOcclusion=1.000000
RimIntensity=0.000000
RimColor=0.000,0.000,0.000
GlowSize=0.000000
Specular=1.000,1.000,1.000
BlendQuality=true
SubSurfaceFactor=1.000000
PointFilter=

