[material #25]
BumpScale=1.000000
RimPower=0.000000
Glossiness=10.000000
Opacity=1.000000
NoLight=true
ReflectFactor=1.000000
SubSurfaceScale=1.000000
AlphaRef=0.000000
GlowAlpha=1.000000
EmissiveEnable=true
Emissive=0.467,0.467,0.467
EmissiveMap=worldmap.pvr
DiffuseMap=worldmap.pvr
RimIntensity=0.000000
GlowSize=0.000000
DoubleSide=true
Specular=1.000,1.000,1.000
SubSurfaceFactor=1.000000
PointFilter=

