[ppbloom]
PPBloomEnable=true
MaxBrightness=0.100000
GlowWeight=0.200000
Dither1X=0.000000
Dither1Y=0.000000
Dither2X=0.000000
Dither2Y=0.000000
Amount=0.38
Power=0.38

