[screen]
TextureLod=-1.000000
AlphaRef=100
FarClip=40.000000
GrassRadius=100.000000
GroundEnvMap=0
VisualEnvMap=0
AlphaFadeRadius=350.000000
AlphaHideRadius=500.000000
VisualRadiusSmall=1.000000
VisualRadiusBig=30.000000
ClipRadiusNear=30.000000
ClipRadiusFar=40.000000
LoadRadiusAdd=150.000000
UnloadRadiusAdd=25.000000

