[ppfilter]
GammaEnable=false
GradualEnable=false
GradualStart=-0.500000
GradualEnd=0.800000
GradualExp=3.000000
GradualColor=255,154,169,178
HSIEnable=false
AdjustBaseColor=255,251,255,249
AdjustBrightness=49.000000
AdjustContrast=11.000000
AdjustSaturation=57.000000
AngleEnable=false
AngleStart=0.500000
AngleEnd=0.700000
AngleExp=0.700000
AngleColor=255,122,134,178

