[scene]
rigidbody=map/scene/temple_afterlava01_zm_gt.xmod
posx=9.843002
posy=10.317
posz=-7.627998
anglex=0.000000
angley=3.141000
anglez=0.000000
scalex=0.9
scaley=0.9
scalez=0.9
friction=1.0f
rollingfriction=0.25
restitution=0.25
gravity=-9.8f
groundhigh=33.657f

