[5]
PositionX=77.491402
PositionY=50.518570
PositionZ=3.065756
AngleX=0.411636
AngleY=3.741287
AngleZ=0.000000

[2]
PositionX=-115.960175
PositionY=29.356724
PositionZ=119.755890
AngleX=1.527280
AngleY=6.281990
AngleZ=0.000000

[1]
PositionX=88.187767
PositionY=44.483761
PositionZ=33.372227
AngleX=0.721400
AngleY=9.850747
AngleZ=0.000000

[3]
PositionX=-97.740685
PositionY=29.356724
PositionZ=119.776047
AngleX=1.527280
AngleY=6.281990
AngleZ=0.000000

