[ppbloom]
PPBloomEnable=false
MaxBrightness=1.010000
GlowWeight=10.000000
Dither1X=0.006000
Dither1Y=0.003600
Dither2X=-0.001400
Dither2Y=0.004300

