[1]
PositionX=-57.415176
PositionY=36.998577
PositionZ=96.402130
AngleX=0.616683
AngleY=3.667373
AngleZ=0.000000

