[1]
PositionX=45.666611
PositionY=28.113325
PositionZ=-27.307985
AngleX=0.561414
AngleY=3.485201
AngleZ=0.000000

[2]
PositionX=17.790857
PositionY=28.398211
PositionZ=-50.838905
AngleX=0.680678
AngleY=3.141593
AngleZ=0.000000

[3]
PositionX=72.320190
PositionY=28.009644
PositionZ=70.737717
AngleX=0.680678
AngleY=3.141593
AngleZ=0.000000

