[ppfilter]
GammaEnable=false
GradualEnable=false
GradualStart=-0.310000
GradualEnd=0.320000
GradualExp=2.000000
GradualColor=255,134,182,206
HSIEnable=false
AdjustBaseColor=255,209,235,255
AdjustBrightness=54.000000
AdjustContrast=0.000000
AdjustSaturation=56.000000
AngleEnable=false
AngleStart=0.500000
AngleEnd=0.700000
AngleExp=1.500000
AngleColor=255,76,111,160

