[pphdr]
BloomEnable=false
MaxBrightness=0.100000
GlowWeight=0.300000
Dither=0.005000
Gamma=1.002800
HDREnable=false
HDRExposure=5.000000
HDRGaussianScale=20.000000
HDRExposureAdd=0.300000

