[MainInfo]
FrameTime=0.033333
RulerStart=0.000000
RulerEnd=270.000000
CameraX=-25.243149
CameraY=25.133183
CameraZ=8.967618
CameraRX=0.369390
CameraRY=-2.113754
CameraRZ=-0.000000
CaptureAngleX=0.000000
CaptureAngleY=0.000000
CaptureAngleZ=0.000000
CapturePosX=0.000000
CapturePosY=0.000000
CapturePosZ=0.000000
Player=184AABE2C5D543E48EF861D428E00110

[npc_1]
WorldType=objects
ObjectType=action_obj
Name=E2B2E1AD13F9426E8DD30AD381B3BBE4
VisualType=Actor2
PositionX=-54.313602
PositionY=22.852503
PositionZ=-6.475026
AngleX=-0.435582
AngleY=-1.999086
AngleZ=0.095029
ScaleX=0.999825
ScaleY=0.999829
ScaleZ=0.999824
VisualConfig=ini\npc\npc\ass_fly.ini
Path=npc_1.xml

[camera_1]
WorldType=objects
ObjectType=camera
Name=77CA50B75D8541D5BDD1999E907E692C
VisualType=Model
PositionX=-25.243149
PositionY=25.133183
PositionZ=8.967618
AngleX=0.369390
AngleY=-2.113754
AngleZ=-0.000000
ScaleX=1.000000
ScaleY=1.000000
ScaleZ=1.000000
VisualConfig=obj\camera\camera01\camera.xmod
CameraType=free
Fovx=1.396263
Path=camera_1.xml

[npc_2]
WorldType=objects
ObjectType=Actor2
Name=184AABE2C5D543E48EF861D428E00110
VisualType=Actor2
PositionX=-52.242592
PositionY=27.589567
PositionZ=-6.096308
AngleX=0.073736
AngleY=-2.133583
AngleZ=0.106466
ScaleX=0.999413
ScaleY=0.999416
ScaleZ=0.999295
VisualConfig=obj\player\ass\ass_equip_001\ass_equip_001_fly.ini
Path=npc_2.xml

[music_desert_001]
WorldType=music
ObjectType=Music
Name=8A315D7A87B348DE93387E16C218A9BE
VisualType=Music
MusicConfig=sound\movie\move_castle_001.ogg
Path=music_desert_001.xml