[pphdr]
BloomEnable=false
MaxBrightness=0.100000
GlowWeight=0.100000
Dither=0.010000
Gamma=1.500000
HDREnable=false
HDRExposure=5.000000
HDRGaussianScale=20.000000
HDRExposureAdd=0.200000

